2, 5, 8, 18, 23, 31, 35, 43
4, 8, 15, 39, 40, 42, 48, 5
2, 10, 18, 19, 25, 42, 48, 21
5, 16, 19, 21, 23, 31, 36, 46
7, 11, 13, 30, 38, 40, 43, 45
14, 17, 20, 24, 25, 38, 48, 11
12, 26, 28, 32, 41, 43, 50, 49
2, 11, 19, 33, 44, 45, 47, 42
2, 8, 10, 14, 21, 36, 40, 17
1, 5, 17, 18, 38, 41, 48, 13
7, 13, 18, 30, 33, 37, 41, 6
2, 10, 11, 17, 19, 32, 42, 41
2, 8, 16, 17, 19, 26, 42, 41
4, 6, 7, 10, 17, 27, 44, 40
5, 6, 7, 17, 26, 29, 42, 38
1, 13, 14, 17, 25, 28, 41, 43
14, 17, 25, 27, 31, 32, 34, 20
9, 26, 30, 35, 37, 42, 50, 47
4, 7, 8, 22, 24, 30, 49, 42
7, 18, 22, 35, 37, 43, 45, 44
9, 16, 19, 24, 27, 34, 40, 7
17, 21, 27, 32, 45, 46, 49, 19
3, 21, 22, 26, 28, 44, 49, 34
9, 14, 16, 33, 39, 46, 49, 38
13, 23, 26, 27, 28, 38, 47, 36
3, 11, 24, 25, 29, 32, 42, 16
11, 12, 21, 27, 32, 43, 49, 15
7, 25, 30, 35, 38, 40, 49, 27
7, 8, 13, 20, 25, 26, 48, 36
4, 5, 31, 39, 42, 45, 50, 11
1, 3, 24, 25, 27, 36, 47, 12
2, 4, 7, 10, 14, 21, 34, 26
2, 15, 25, 28, 30, 35, 38, 31
10, 14, 21, 26, 28, 36, 50, 41
11, 13, 18, 20, 23, 30, 40, 37
3, 7, 8, 10, 34, 43, 47, 16
9, 14, 24, 26, 29, 39, 49, 42
5, 15, 19, 22, 37, 46, 47, 1
16, 29, 32, 34, 38, 39, 47, 18
1, 10, 12, 30, 33, 34, 36, 4
19, 26, 28, 36, 40, 42, 48, 6
2, 3, 8, 11, 12, 37, 49, 36
3, 13, 26, 27, 28, 36, 45, 50
2, 4, 17, 28, 35, 44, 46, 5
5, 6, 28, 36, 40, 46, 50, 27
2, 4, 14, 18, 24, 46, 47, 23
10, 12, 13, 18, 25, 26, 37, 39
5, 7, 12, 22, 28, 43, 47, 1
3, 7, 12, 17, 23, 38, 40, 27
18, 21, 28, 29, 31, 32, 49, 38
1, 16, 21, 24, 35, 37, 39, 45
4, 21, 24, 25, 26, 27, 42, 8
4, 12, 13, 15, 18, 30, 50, 34
5, 23, 31, 35, 36, 37, 43, 13
23, 31, 34, 38, 40, 45, 50, 41
11, 21, 23, 25, 28, 41, 43, 10
26, 37, 42, 44, 46, 49, 50, 24
9, 11, 20, 22, 33, 36, 46, 49
17, 24, 27, 34, 38, 42, 48, 19
1, 2, 23, 32, 35, 36, 45, 28
4, 12, 16, 17, 33, 36, 44, 2
2, 5, 10, 11, 14, 23, 33, 47
1, 6, 12, 21, 34, 37, 47, 20
1, 5, 10, 18, 20, 40, 42, 47
3, 13, 14, 20, 30, 45, 49, 35
11, 17, 19, 22, 27, 31, 40, 38
9, 29, 30, 36, 42, 46, 49, 47
6, 9, 23, 25, 31, 36, 48, 30
3, 7, 16, 22, 29, 31, 42, 15
5, 12, 15, 23, 28, 38, 39, 46
8, 15, 25, 27, 33, 39, 44, 20
2, 7, 8, 26, 30, 43, 48, 25
5, 6, 12, 28, 29, 36, 46, 40
2, 4, 16, 24, 25, 27, 49, 29
12, 22, 25, 30, 37, 38, 45, 2
30, 32, 33, 34, 37, 45, 49, 25
2, 14, 24, 25, 35, 44, 45, 11
1, 19, 28, 29, 31, 33, 43, 17
15, 16, 18, 19, 22, 44, 47, 28
1, 13, 19, 27, 42, 49, 50, 32
7, 10, 11, 19, 22, 30, 37, 18
1, 3, 4, 11, 19, 24, 42, 27
7, 11, 14, 26, 27, 29, 36, 2
2, 14, 27, 30, 31, 35, 43, 38
1, 23, 27, 33, 39, 45, 49, 40
1, 8, 17, 21, 35, 39, 46, 31
14, 15, 20, 32, 35, 38, 50, 46
3, 18, 19, 24, 26, 27, 45, 20
5, 9, 18, 27, 32, 38, 40, 34
5, 6, 25, 31, 32, 44, 48, 39
6, 9, 11, 19, 24, 38, 46, 18
7, 18, 22, 40, 44, 46, 50, 5
6, 20, 21, 28, 38, 43, 47, 40
2, 3, 16, 28, 31, 42, 47, 12
1, 9, 14, 24, 26, 37, 42, 29
20, 21, 25, 33, 38, 44, 45, 22
2, 8, 12, 13, 14, 36, 43, 29
11, 14, 15, 24, 34, 43, 47, 36
7, 11, 22, 28, 33, 44, 49, 10
10, 13, 18, 33, 36, 45, 47, 22
6, 17, 22, 23, 32, 37, 47, 13
6, 14, 35, 37, 40, 43, 46, 19
10, 14, 25, 26, 38, 41, 50, 49
11, 21, 32, 33, 38, 40, 44, 19
2, 6, 12, 13, 17, 36, 48, 25
13, 17, 24, 26, 33, 46, 48, 27
2, 13, 15, 19, 38, 39, 46, 34
7, 8, 13, 21, 35, 38, 45, 15
5, 12, 13, 32, 36, 40, 48, 49
4, 12, 18, 19, 22, 25, 44, 43
4, 5, 9, 15, 24, 36, 48, 50
14, 15, 24, 43, 44, 48, 49, 47
14, 18, 19, 32, 35, 38, 41, 27
1, 14, 17, 20, 28, 32, 38, 6
5, 16, 18, 33, 37, 38, 39, 35
2, 6, 21, 31, 34, 39, 45, 33
1, 24, 26, 29, 30, 45, 50, 5
9, 10, 13, 25, 41, 47, 49, 36
3, 11, 23, 26, 31, 42, 50, 24
1, 2, 4, 10, 27, 33, 45, 31
5, 8, 31, 36, 41, 42, 43, 39
11, 28, 38, 40, 43, 45, 48, 33
17, 24, 27, 33, 38, 41, 48, 39
3, 6, 10, 26, 29, 35, 45, 30
4, 8, 11, 14, 15, 34, 45, 7
5, 13, 28, 35, 41, 49, 50, 34
2, 5, 8, 18, 23, 31, 35, 43
4, 8, 15, 39, 40, 42, 48, 5
2, 10, 18, 19, 25, 42, 48, 21
5, 16, 19, 21, 23, 31, 36, 46
7, 11, 13, 30, 38, 40, 43, 45
14, 17, 20, 24, 25, 38, 48, 11
12, 26, 28, 32, 41, 43, 50, 49
2, 11, 19, 33, 44, 45, 47, 42
2, 8, 10, 14, 21, 36, 40, 17
1, 5, 17, 18, 38, 41, 48, 13
7, 13, 18, 30, 33, 37, 41, 6
2, 10, 11, 17, 19, 32, 42, 41
2, 8, 16, 17, 19, 26, 42, 41
4, 6, 7, 10, 17, 27, 44, 40
5, 6, 7, 17, 26, 29, 42, 38
1, 13, 14, 17, 25, 28, 41, 43
14, 17, 25, 27, 31, 32, 34, 20
9, 26, 30, 35, 37, 42, 50, 47
4, 7, 8, 22, 24, 30, 49, 42
7, 18, 22, 35, 37, 43, 45, 44
9, 16, 19, 24, 27, 34, 40, 7
17, 21, 27, 32, 45, 46, 49, 19
3, 21, 22, 26, 28, 44, 49, 34
9, 14, 16, 33, 39, 46, 49, 38
13, 23, 26, 27, 28, 38, 47, 36
3, 11, 24, 25, 29, 32, 42, 16
11, 12, 21, 27, 32, 43, 49, 15
7, 25, 30, 35, 38, 40, 49, 27
8, 18, 20, 24, 31, 37, 39, 34
3, 8, 12, 14, 17, 18, 29, 11
10, 13, 14, 24, 28, 47, 48, 12
5, 16, 19, 23, 30, 37, 48, 44
5, 6, 36, 39, 40, 46, 48, 34
7, 11, 16, 21, 31, 36, 44, 46
2, 11, 14, 21, 23, 34, 36, 5
4, 10, 12, 27, 30, 44, 46, 7
2, 27, 30, 39, 44, 45, 49, 17
3, 12, 18, 25, 43, 46, 50, 33
21, 24, 26, 31, 36, 48, 49, 39
14, 15, 19, 22, 31, 36, 39, 23
14, 17, 20, 34, 38, 45, 49, 5
3, 6, 19, 23, 33, 40, 45, 48
4, 7, 14, 37, 48, 49, 50, 28
15, 32, 36, 40, 41, 43, 48, 10
21, 27, 30, 32, 33, 36, 46, 38
10, 14, 15, 25, 27, 39, 48, 28
2, 9, 10, 35, 41, 42, 47, 40
5, 6, 27, 37, 38, 46, 48, 9
7, 14, 15, 35, 36, 49, 50, 11
4, 5, 8, 15, 27, 41, 48, 37
9, 16, 17, 18, 21, 22, 27, 31
2, 11, 16, 18, 19, 20, 25, 5
3, 4, 13, 14, 30, 36, 41, 21
5, 7, 22, 29, 32, 37, 39, 3
5, 9, 10, 25, 27, 29, 38, 31
5, 20, 21, 22, 32, 37, 41, 18
3, 9, 10, 14, 15, 19, 20, 25
3, 6, 9, 22, 29, 38, 39, 18
2, 15, 21, 29, 40, 47, 50, 35
9, 10, 13, 21, 40, 41, 43, 4
8, 9, 19, 26, 27, 31, 46, 48
9, 18, 23, 36, 39, 43, 48, 46
3, 12, 25, 36, 37, 42, 49, 9
25, 28, 32, 41, 42, 44, 45, 18
3, 4, 10, 11, 26, 28, 40, 31
11, 19, 22, 26, 33, 46, 48, 1
7, 30, 32, 40, 47, 48, 50, 16
22, 23, 24, 25, 37, 40, 49, 19
9, 11, 14, 21, 22, 24, 41, 10
5, 27, 34, 37, 39, 41, 47, 20
5, 12, 15, 23, 26, 38, 41, 45
8, 14, 16, 17, 29, 41, 42, 47
1, 8, 15, 16, 32, 39, 40, 31
4, 16, 19, 32, 35, 36, 38, 28
1, 16, 24, 28, 30, 31, 47, 25
1, 3, 22, 30, 31, 37, 40, 6
3, 12, 17, 22, 29, 31, 48, 8
2, 3, 6, 13, 37, 42, 46, 19
8, 14, 31, 36, 39, 46, 47, 20
11, 12, 22, 33, 37, 48, 49, 41
3, 4, 21, 33, 38, 44, 45, 32
9, 20, 21, 22, 25, 26, 37, 3
17, 18, 27, 38, 39, 40, 47, 24
3, 9, 21, 35, 44, 47, 48, 23
5, 11, 15, 18, 20, 24, 46, 37
7, 22, 26, 35, 46, 47, 49, 19
17, 20, 27, 29, 37, 39, 41, 10
7, 10, 11, 24, 39, 43, 48, 23
8, 16, 19, 22, 28, 31, 38, 25
18, 24, 25, 30, 31, 33, 48, 27
9, 21, 26, 28, 30, 37, 44, 31
9, 17, 22, 33, 36, 45, 46, 41
3, 22, 37, 39, 41, 43, 44, 20
1, 2, 16, 32, 44, 46, 50, 6
1, 2, 5, 11, 20, 30, 39, 27
1, 21, 34, 38, 39, 40, 46, 24
5, 8, 9, 28, 32, 48, 50, 40
2, 9, 29, 30, 31, 35, 37, 19
7, 18, 22, 26, 35, 41, 50, 11
6, 12, 19, 27, 30, 32, 44, 18
4, 15, 16, 17, 35, 46, 50, 13
1, 5, 6, 24, 27, 28, 32, 38
2, 11, 22, 25, 32, 40, 44, 27
8, 9, 37, 38, 40, 43, 49, 28
1, 7, 9, 28, 38, 48, 50, 13
4, 6, 9, 15, 22, 24, 28, 44
7, 12, 16, 26, 40, 45, 49, 20
4, 5, 9, 19, 28, 34, 44, 8
4, 6, 12, 30, 32, 33, 34, 29
3, 10, 13, 19, 21, 45, 49, 12
1, 4, 8, 10, 12, 17, 41, 19
8, 27, 30, 44, 46, 47, 50, 32
2, 8, 20, 21, 29, 34, 37, 41
2, 9, 11, 29, 33, 39, 44, 15
19, 20, 23, 31, 37, 46, 48, 50
5, 7, 14, 21, 26, 34, 49, 31
7, 9, 19, 20, 26, 32, 35, 49
4, 6, 18, 27, 28, 30, 40, 13
3, 4, 7, 19, 44, 48, 49, 8
6, 18, 21, 30, 31, 34, 38, 1
11, 17, 29, 33, 39, 40, 42, 48
6, 8, 13, 27, 41, 46, 47, 39
9, 15, 35, 41, 42, 45, 46, 43
1, 4, 9, 15, 18, 24, 31, 43
5, 7, 14, 23, 24, 46, 47, 11
5, 13, 14, 21, 36, 37, 43, 40
9, 21, 30, 33, 38, 39, 46, 48
1, 4, 20, 33, 44, 45, 49, 47
2, 9, 10, 22, 31, 35, 49, 30
4, 29, 30, 37, 38, 43, 44, 15
8, 12, 16, 30, 38, 48, 50, 14
8, 12, 23, 25, 29, 43, 46, 13
7, 22, 25, 26, 35, 41, 45, 3
8, 15, 21, 28, 29, 30, 39, 23
3, 19, 22, 30, 32, 37, 40, 20
6, 12, 20, 24, 40, 42, 47, 44
2, 6, 13, 19, 21, 32, 40, 12
18, 23, 31, 32, 36, 38, 43, 27
1, 2, 32, 37, 38, 39, 45, 16
6, 31, 33, 34, 43, 44, 46, 22
2, 23, 24, 29, 40, 48, 49, 18
2, 9, 16, 17, 21, 22, 32, 38
6, 11, 25, 31, 36, 41, 49, 47
1, 3, 20, 21, 27, 28, 44, 43
10, 12, 19, 22, 25, 32, 42, 39
1, 2, 16, 21, 23, 25, 28, 48
2, 20, 21, 30, 31, 39, 45, 18
2, 16, 21, 33, 39, 42, 47, 1
9, 17, 21, 23, 36, 41, 48, 12
2, 3, 5, 12, 21, 22, 37, 19
16, 17, 31, 34, 36, 39, 41, 10
9, 24, 27, 33, 40, 44, 48, 41
4, 21, 23, 39, 40, 42, 50, 17
2, 3, 8, 18, 31, 39, 50, 33
9, 11, 15, 19, 20, 35, 41, 28
4, 9, 10, 26, 27, 29, 37, 14
6, 29, 34, 39, 42, 47, 50, 22
7, 19, 22, 28, 34, 41, 42, 12
4, 8, 13, 23, 25, 33, 39, 17
18, 23, 28, 32, 34, 44, 50, 29
4, 11, 20, 22, 37, 44, 49, 13
1, 6, 13, 15, 38, 42, 49, 48
11, 16, 17, 20, 42, 44, 50, 31
2, 14, 15, 23, 27, 44, 45, 8
7, 11, 36, 37, 38, 43, 46, 26
6, 14, 26, 31, 34, 36, 45, 25
1, 4, 8, 28, 32, 36, 43, 40
10, 13, 31, 32, 36, 40, 41, 17
3, 13, 19, 25, 28, 30, 37, 1
11, 14, 17, 21, 23, 26, 36, 19
1, 15, 21, 29, 30, 31, 33, 5
4, 8, 11, 16, 28, 29, 44, 43
11, 15, 17, 20, 24, 25, 50, 30
4, 6, 10, 15, 24, 40, 43, 3
11, 20, 23, 24, 26, 41, 44, 38
19, 22, 28, 30, 36, 38, 39, 25
10, 25, 31, 34, 36, 39, 45, 9
1, 5, 38, 39, 42, 47, 49, 15
22, 24, 25, 26, 29, 32, 46, 20
9, 17, 23, 37, 44, 46, 48, 4
5, 6, 8, 15, 22, 46, 47, 31
5, 7, 19, 28, 32, 35, 44, 46
5, 9, 33, 36, 39, 41, 44, 27
6, 8, 11, 13, 28, 42, 48, 27
4, 5, 24, 25, 43, 44, 50, 41
1, 15, 16, 20, 27, 38, 50, 9
4, 16, 21, 32, 44, 45, 50, 26
2, 4, 17, 39, 40, 43, 46, 44
9, 15, 26, 36, 39, 41, 47, 37
3, 22, 26, 32, 38, 42, 43, 8
3, 9, 25, 26, 28, 34, 38, 36
1, 15, 19, 31, 40, 41, 43, 49
20, 31, 35, 36, 39, 42, 44, 23
18, 24, 31, 38, 44, 46, 50, 40
1, 3, 11, 13, 19, 22, 46, 31
17, 18, 22, 27, 29, 31, 34, 8
3, 21, 29, 37, 40, 43, 44, 38
1, 4, 6, 9, 25, 31, 43, 10
6, 11, 16, 18, 23, 26, 40, 45
10, 17, 18, 22, 23, 25, 34, 37
10, 20, 24, 25, 32, 39, 46, 15
5, 7, 15, 18, 35, 37, 45, 47
3, 5, 10, 18, 26, 33, 46, 49
1, 14, 16, 22, 32, 39, 45, 31
15, 16, 33, 36, 38, 43, 49, 4
5, 13, 23, 25, 27, 32, 44, 3
5, 9, 23, 29, 30, 31, 37, 34
13, 14, 18, 22, 42, 44, 47, 12
3, 8, 14, 15, 24, 33, 48, 4
2, 10, 20, 30, 32, 35, 50, 21
9, 11, 17, 19, 35, 36, 43, 28
7, 11, 19, 30, 42, 43, 50, 44
2, 12, 14, 15, 26, 34, 39, 48
19, 20, 23, 29, 35, 40, 47, 31
14, 23, 28, 29, 30, 33, 48, 9
1, 6, 12, 13, 19, 23, 38, 37
13, 27, 34, 36, 38, 45, 50, 18
3, 4, 11, 19, 30, 39, 40, 25
1, 3, 13, 15, 28, 36, 49, 14
1, 8, 16, 19, 26, 34, 41, 10
9, 18, 25, 30, 39, 40, 43, 5
7, 8, 13, 19, 23, 32, 40, 9
3, 8, 9, 24, 28, 31, 44, 32
6, 19, 24, 25, 36, 37, 39, 17
5, 14, 22, 23, 35, 40, 49, 43
13, 17, 24, 32, 33, 44, 45, 48
7, 25, 26, 28, 32, 36, 37, 2
13, 18, 20, 26, 32, 35, 47, 12
13, 24, 29, 31, 35, 36, 42, 37
7, 12, 15, 23, 35, 43, 49, 19
1, 12, 18, 19, 21, 24, 41, 15
7, 18, 29, 30, 41, 45, 46, 40
1, 8, 9, 22, 29, 30, 32, 17
6, 14, 16, 22, 30, 42, 45, 35
8, 9, 11, 17, 37, 39, 41, 19
1, 11, 15, 16, 20, 29, 39, 32
11, 22, 28, 33, 39, 43, 47, 23
4, 13, 23, 30, 31, 37, 43, 32
7, 10, 13, 19, 24, 31, 41, 1
2, 11, 17, 18, 22, 25, 39, 3
12, 25, 27, 29, 34, 44, 45, 7
18, 23, 28, 37, 44, 45, 47, 9
3, 10, 16, 28, 31, 38, 47, 20
3, 5, 17, 23, 28, 43, 46, 29
1, 11, 20, 32, 41, 42, 44, 47
1, 4, 5, 22, 25, 32, 34, 27
6, 8, 12, 19, 20, 25, 49, 18
8, 11, 14, 17, 26, 30, 36, 48
9, 11, 23, 33, 35, 36, 42, 6
2, 9, 18, 33, 36, 40, 49, 38
12, 17, 22, 27, 28, 29, 35, 43
3, 5, 7, 11, 13, 20, 29, 30
2, 4, 18, 19, 20, 39, 44, 11
3, 12, 21, 34, 37, 38, 41, 22
1, 3, 5, 10, 16, 27, 43, 14
3, 9, 15, 16, 19, 45, 48, 42
25, 28, 31, 36, 42, 44, 49, 37
8, 9, 12, 20, 22, 27, 30, 28
18, 31, 38, 45, 46, 47, 48, 16
10, 15, 16, 17, 19, 27, 38, 9
2, 3, 4, 8, 9, 20, 30, 45
9, 10, 16, 23, 24, 39, 49, 7
2, 12, 31, 34, 39, 48, 49, 1
11, 17, 24, 34, 41, 42, 48, 21
1, 7, 13, 14, 22, 42, 48, 47
5, 8, 15, 20, 25, 26, 47, 22
2, 9, 15, 23, 26, 30, 41, 13
6, 7, 11, 21, 23, 27, 41, 49
7, 21, 23, 25, 31, 34, 45, 37
5, 13, 14, 16, 17, 29, 49, 18
10, 13, 18, 19, 38, 47, 48, 42
2, 8, 24, 30, 31, 38, 40, 42
4, 10, 21, 28, 29, 37, 45, 20
1, 3, 8, 22, 29, 38, 47, 11
8, 19, 24, 28, 34, 42, 48, 17
11, 16, 19, 22, 24, 38, 41, 48
5, 9, 14, 24, 33, 37, 46, 38
1, 17, 19, 23, 28, 29, 47, 10
3, 7, 20, 25, 29, 31, 44, 27
1, 11, 15, 20, 36, 41, 47, 33
2, 5, 6, 7, 8, 33, 45, 15
16, 19, 21, 32, 37, 39, 45, 26
1, 2, 12, 15, 22, 25, 41, 34
8, 12, 14, 34, 37, 44, 48, 45
23, 25, 29, 30, 42, 44, 45, 20
3, 4, 13, 16, 35, 47, 49, 37
10, 14, 22, 36, 38, 44, 45, 11
11, 14, 20, 22, 26, 35, 43, 33
11, 25, 26, 28, 38, 44, 45, 20
8, 11, 18, 25, 34, 35, 38, 44
14, 16, 18, 21, 38, 44, 49, 15
11, 12, 25, 28, 33, 41, 43, 36
7, 11, 20, 21, 22, 37, 47, 38
1, 5, 20, 33, 34, 41, 42, 15
2, 3, 6, 22, 24, 42, 46, 27
7, 24, 26, 36, 37, 43, 44, 3
4, 8, 13, 16, 26, 33, 38, 10
2, 4, 11, 17, 26, 41, 42, 44
2, 11, 12, 25, 33, 39, 44, 8
9, 12, 16, 24, 33, 45, 47, 14
1, 4, 11, 17, 27, 36, 37, 47
13, 14, 19, 26, 27, 36, 37, 18
2, 9, 13, 16, 25, 26, 45, 19
18, 19, 23, 34, 39, 43, 46, 1
1, 7, 18, 28, 31, 39, 48, 35
1, 2, 15, 16, 22, 29, 41, 27
15, 20, 24, 30, 39, 44, 46, 22
2, 10, 37, 38, 39, 43, 47, 28
1, 6, 14, 23, 38, 40, 47, 25
10, 17, 25, 27, 29, 34, 38, 48
8, 14, 16, 17, 18, 34, 41, 43
1, 4, 12, 27, 35, 38, 46, 8
1, 14, 15, 16, 24, 39, 49, 5
16, 17, 18, 20, 40, 42, 43, 15
5, 12, 18, 26, 29, 31, 37, 40
3, 15, 22, 23, 33, 47, 49, 6
5, 11, 20, 22, 35, 38, 46, 45
26, 28, 33, 38, 42, 43, 47, 16
1, 17, 31, 33, 39, 46, 49, 42
8, 14, 17, 27, 28, 30, 48, 37
13, 16, 19, 21, 24, 26, 30, 36
22, 23, 26, 35, 37, 39, 47, 14
6, 10, 13, 14, 25, 41, 46, 8
13, 15, 21, 24, 25, 36, 48, 10
7, 26, 27, 31, 32, 33, 42, 45
20, 21, 22, 34, 42, 43, 45, 1
5, 11, 14, 17, 28, 41, 47, 46
6, 7, 8, 9, 17, 23, 30, 18
19, 20, 26, 31, 34, 39, 48, 18
2, 11, 20, 22, 33, 40, 43, 4
6, 9, 22, 23, 36, 38, 47, 12
4, 14, 24, 41, 42, 44, 48, 26
9, 17, 27, 30, 31, 34, 42, 21
6, 8, 15, 24, 26, 39, 44, 40
1, 6, 15, 32, 42, 45, 46, 44
5, 6, 27, 28, 31, 41, 45, 12
9, 12, 13, 14, 28, 39, 41, 38
1, 9, 17, 19, 25, 27, 38, 44
13, 16, 20, 35, 37, 43, 49, 6
11, 21, 22, 24, 26, 36, 43, 10
1, 8, 10, 24, 26, 37, 45, 47
3, 6, 8, 17, 21, 28, 34, 2
16, 17, 19, 22, 31, 47, 49, 1
1, 14, 16, 20, 26, 32, 34, 18
12, 21, 28, 37, 40, 43, 47, 11
5, 11, 15, 26, 27, 33, 39, 46
1, 16, 20, 29, 33, 44, 46, 15
2, 17, 22, 24, 26, 42, 48, 6
10, 12, 14, 28, 36, 39, 45, 26
1, 8, 16, 25, 30, 42, 48, 28
19, 30, 31, 36, 40, 44, 49, 6
9, 26, 28, 32, 37, 40, 45, 46
11, 15, 25, 26, 39, 47, 49, 30
4, 6, 10, 20, 40, 46, 47, 39
5, 7, 15, 18, 19, 27, 28, 25
19, 22, 25, 32, 37, 45, 47, 40
3, 10, 17, 19, 26, 27, 42, 46
1, 12, 15, 22, 25, 45, 48, 16
4, 10, 11, 27, 29, 32, 41, 42
7, 12, 14, 15, 27, 34, 44, 6
3, 13, 24, 36, 39, 44, 45, 19
4, 12, 17, 21, 32, 38, 42, 46
8, 9, 12, 24, 29, 36, 37, 17
14, 18, 22, 25, 36, 39, 44, 34
33, 34, 36, 42, 44, 45, 47, 14
3, 5, 19, 29, 33, 34, 44, 41
4, 23, 29, 36, 39, 44, 46, 24
8, 14, 18, 20, 24, 39, 46, 23
7, 10, 21, 24, 38, 40, 49, 3
2, 11, 20, 22, 31, 35, 47, 39
5, 8, 20, 21, 29, 40, 47, 7
11, 17, 24, 26, 34, 35, 39, 16
2, 9, 27, 32, 38, 39, 43, 45
1, 5, 11, 26, 28, 30, 41, 49
5, 10, 14, 19, 31, 33, 47, 27
8, 9, 14, 19, 28, 31, 46, 48
3, 7, 12, 18, 31, 33, 35, 26
6, 29, 30, 31, 36, 42, 45, 32
1, 14, 15, 18, 26, 42, 48, 39
10, 15, 21, 28, 32, 36, 37, 9
1, 5, 7, 13, 14, 33, 46, 47
6, 9, 18, 22, 25, 32, 44, 46
26, 34, 38, 41, 46, 48, 49, 10
4, 12, 16, 27, 37, 39, 44, 32
2, 8, 9, 10, 24, 26, 41, 37
2, 8, 10, 15, 17, 20, 24, 14
7, 10, 16, 35, 36, 42, 45, 24
3, 7, 15, 23, 29, 31, 45, 46
10, 11, 23, 28, 32, 34, 41, 29
7, 8, 16, 18, 24, 25, 46, 37
7, 11, 14, 15, 19, 30, 41, 22
3, 37, 38, 40, 42, 43, 46, 12
6, 18, 20, 37, 40, 44, 46, 49
1, 7, 17, 27, 32, 44, 48, 18
16, 23, 24, 25, 40, 46, 47, 17
1, 4, 21, 24, 29, 30, 46, 25
1, 30, 38, 39, 44, 45, 47, 43
2, 10, 13, 16, 30, 33, 48, 44
4, 7, 11, 19, 34, 38, 48, 45
7, 14, 15, 16, 21, 30, 41, 17
2, 4, 16, 23, 30, 32, 46, 38
1, 6, 30, 40, 46, 47, 49, 37
12, 14, 23, 25, 31, 38, 40, 36
23, 24, 29, 36, 42, 43, 49, 38
2, 4, 11, 19, 28, 29, 38, 42
2, 5, 27, 32, 35, 42, 46, 48
5, 13, 20, 37, 39, 40, 41, 28
1, 15, 17, 25, 34, 40, 41, 38
3, 13, 15, 22, 33, 41, 49, 11
2, 4, 5, 17, 29, 39, 41, 48
7, 8, 15, 19, 36, 37, 41, 43
21, 22, 27, 30, 39, 42, 44, 8
13, 16, 17, 21, 35, 40, 46, 18
1, 7, 15, 18, 21, 30, 45, 22
10, 12, 24, 26, 34, 43, 47, 38
8, 11, 14, 23, 26, 42, 47, 1
9, 14, 19, 21, 31, 32, 40, 16
2, 7, 12, 28, 29, 38, 48, 27
2, 11, 19, 38, 43, 45, 49, 9
1, 10, 12, 20, 29, 35, 47, 4
7, 11, 19, 38, 40, 41, 42, 49
12, 21, 28, 34, 36, 45, 48, 26
4, 8, 9, 20, 23, 45, 46, 31
8, 15, 24, 25, 27, 36, 43, 32
7, 12, 28, 34, 45, 46, 48, 49
6, 20, 28, 29, 30, 31, 46, 45
5, 8, 9, 12, 22, 39, 45, 38
7, 16, 31, 35, 39, 44, 48, 42
12, 28, 31, 38, 40, 41, 45, 15
4, 9, 18, 32, 35, 38, 40, 12
7, 10, 15, 23, 30, 36, 44, 45
6, 10, 16, 27, 38, 40, 45, 39
13, 19, 37, 38, 40, 43, 48, 46
6, 8, 11, 16, 17, 19, 24, 29
1, 10, 16, 23, 29, 35, 39, 46
4, 7, 20, 22, 26, 28, 29, 47
1, 6, 7, 16, 22, 31, 33, 25
3, 4, 5, 7, 31, 33, 40, 49
1, 2, 4, 21, 23, 35, 40, 5
8, 15, 16, 21, 31, 37, 39, 20
19, 30, 33, 34, 36, 41, 48, 11
1, 3, 14, 33, 35, 39, 45, 28
9, 16, 24, 30, 39, 40, 45, 14
3, 9, 24, 25, 28, 36, 40, 48
6, 15, 18, 19, 25, 44, 46, 28
5, 7, 29, 35, 39, 41, 49, 14
12, 13, 16, 30, 32, 35, 37, 7
3, 11, 16, 24, 31, 39, 43, 2
2, 5, 10, 11, 23, 25, 31, 46
3, 5, 17, 30, 36, 47, 49, 31
12, 16, 24, 29, 36, 40, 47, 44
12, 17, 32, 36, 43, 44, 49, 4
4, 6, 7, 16, 18, 40, 46, 34
5, 10, 11, 20, 26, 38, 46, 44
1, 6, 10, 16, 18, 21, 31, 5
1, 3, 16, 33, 34, 40, 42, 2
7, 9, 24, 30, 35, 42, 43, 36
1, 2, 5, 10, 11, 25, 34, 36
6, 9, 16, 19, 20, 24, 30, 31
9, 16, 17, 27, 32, 38, 47, 37
13, 16, 22, 26, 35, 36, 39, 44
1, 23, 26, 33, 35, 38, 42, 18
3, 8, 11, 20, 28, 36, 38, 26
5, 6, 8, 13, 24, 37, 46, 30
4, 7, 8, 10, 16, 20, 36, 27
2, 3, 5, 18, 37, 38, 46, 33
7, 15, 24, 25, 27, 43, 47, 22
5, 13, 18, 28, 31, 38, 44, 46
18, 19, 32, 36, 38, 40, 43, 1
8, 27, 30, 32, 34, 35, 42, 17
3, 12, 25, 30, 42, 44, 45, 26
1, 3, 6, 8, 14, 20, 30, 28
2, 5, 7, 13, 15, 30, 38, 27
6, 18, 19, 26, 37, 39, 47, 21
3, 4, 7, 12, 17, 26, 34, 1
10, 14, 15, 16, 42, 45, 48, 49
2, 14, 30, 34, 38, 47, 48, 16
3, 6, 13, 17, 22, 25, 43, 47
15, 20, 29, 39, 40, 43, 46, 12
3, 6, 16, 23, 27, 28, 34, 22
2, 25, 26, 37, 39, 48, 49, 40
8, 16, 17, 28, 32, 34, 47, 19
1, 18, 19, 29, 31, 32, 46, 36
5, 9, 10, 32, 37, 44, 46, 38
3, 8, 13, 30, 38, 45, 47, 10
14, 23, 24, 25, 28, 41, 45, 37
5, 12, 24, 31, 39, 45, 49, 35
1, 2, 5, 6, 38, 39, 46, 33
9, 15, 17, 28, 35, 39, 41, 36
9, 16, 17, 19, 22, 41, 43, 12
7, 12, 16, 19, 21, 24, 47, 34
8, 11, 12, 13, 22, 33, 47, 7
2, 14, 15, 17, 24, 38, 40, 31
3, 6, 37, 40, 42, 44, 48, 18
2, 3, 8, 20, 28, 31, 34, 42
10, 13, 15, 18, 25, 36, 47, 40
4, 6, 21, 26, 30, 34, 35, 39
3, 10, 19, 21, 27, 35, 36, 49
8, 18, 21, 27, 33, 46, 49, 26
9, 19, 21, 24, 39, 43, 48, 6
5, 7, 10, 15, 22, 45, 47, 23
5, 19, 24, 34, 35, 38, 43, 8
2, 12, 15, 18, 21, 22, 25, 5
2, 9, 12, 13, 27, 28, 36, 20
2, 7, 15, 38, 43, 44, 47, 1
5, 12, 15, 39, 44, 46, 49, 18
14, 16, 17, 36, 45, 46, 48, 7
3, 17, 19, 20, 34, 35, 43, 4
5, 9, 12, 18, 24, 35, 42, 17
2, 9, 23, 29, 30, 34, 43, 40
6, 15, 19, 26, 43, 44, 49, 30
2, 6, 20, 22, 30, 34, 49, 45
5, 6, 10, 17, 22, 36, 48, 3
6, 19, 20, 25, 31, 35, 36, 45
1, 7, 23, 36, 37, 39, 41, 33
2, 6, 12, 15, 16, 22, 49, 46
2, 14, 15, 24, 40, 43, 44, 45
10, 11, 18, 24, 26, 42, 47, 45
12, 16, 19, 20, 28, 34, 42, 9
7, 8, 9, 16, 21, 28, 48, 29
10, 26, 28, 33, 34, 35, 40, 12
13, 16, 24, 29, 33, 40, 49, 28
11, 12, 16, 22, 30, 32, 49, 35
7, 8, 10, 15, 24, 26, 41, 12
1, 3, 10, 15, 25, 28, 31, 7
2, 24, 35, 38, 39, 41, 48, 20
3, 6, 19, 31, 34, 42, 45, 30
3, 4, 11, 18, 37, 42, 44, 47
6, 16, 24, 32, 36, 45, 47, 25
2, 13, 18, 24, 27, 37, 43, 14
1, 6, 9, 11, 17, 37, 39, 32
1, 2, 8, 13, 22, 45, 46, 48
6, 15, 18, 26, 41, 46, 48, 27
9, 15, 21, 23, 41, 43, 44, 46
8, 24, 28, 34, 37, 43, 45, 21
2, 8, 12, 14, 33, 37, 47, 46
1, 5, 25, 35, 38, 44, 47, 39
1, 15, 26, 28, 31, 39, 49, 18
6, 17, 23, 24, 25, 31, 38, 7
4, 13, 14, 15, 34, 46, 47, 49
7, 18, 19, 29, 39, 47, 48, 32
5, 7, 18, 24, 28, 41, 49, 26
6, 18, 21, 23, 24, 32, 48, 47
3, 11, 12, 19, 35, 45, 47, 13
15, 18, 19, 25, 32, 42, 49, 43
2, 6, 11, 12, 16, 39, 45, 3
14, 15, 16, 19, 30, 36, 46, 42
3, 23, 28, 40, 42, 43, 45, 17
3, 5, 6, 25, 37, 43, 45, 21
1, 6, 7, 24, 31, 36, 39, 26
3, 4, 13, 15, 21, 29, 48, 26
1, 2, 3, 6, 12, 20, 41, 10
4, 7, 13, 24, 26, 27, 43, 41
9, 10, 16, 24, 26, 44, 48, 27
8, 11, 20, 28, 36, 43, 47, 18
1, 12, 20, 22, 30, 34, 38, 33
10, 14, 20, 28, 35, 40, 42, 44
14, 26, 31, 34, 37, 45, 48, 38
3, 13, 14, 23, 33, 36, 45, 7
4, 7, 29, 35, 39, 43, 44, 46
2, 20, 25, 26, 46, 47, 48, 44
1, 2, 18, 26, 27, 39, 42, 33
2, 15, 18, 19, 22, 27, 49, 40
18, 19, 22, 27, 29, 36, 47, 25
2, 3, 5, 22, 23, 32, 33, 8
5, 12, 13, 28, 33, 37, 43, 44
11, 14, 18, 20, 37, 41, 46, 8
2, 27, 30, 31, 37, 46, 47, 21
7, 8, 10, 11, 19, 34, 45, 44
5, 6, 32, 33, 39, 42, 47, 9
1, 12, 23, 27, 30, 31, 37, 33
5, 7, 12, 15, 35, 45, 47, 40
1, 2, 3, 15, 22, 37, 41, 6
3, 4, 20, 25, 30, 35, 48, 23
1, 2, 5, 26, 29, 36, 47, 13
8, 9, 11, 22, 24, 42, 46, 13
1, 5, 9, 19, 27, 35, 48, 30
6, 8, 10, 17, 28, 29, 38, 34
3, 10, 13, 23, 31, 41, 45, 33
5, 11, 22, 29, 38, 42, 49, 33
3, 6, 10, 33, 39, 48, 49, 18
7, 8, 17, 18, 20, 40, 41, 33
1, 9, 25, 28, 32, 41, 48, 12
2, 10, 13, 15, 23, 28, 49, 40
2, 6, 10, 12, 24, 30, 37, 3
2, 18, 19, 29, 42, 47, 49, 17
7, 10, 14, 20, 21, 23, 31, 41
1, 3, 13, 18, 19, 39, 48, 40
4, 6, 13, 19, 26, 29, 47, 43
3, 7, 12, 16, 20, 42, 48, 31
3, 14, 19, 30, 32, 39, 46, 8
3, 18, 27, 29, 32, 33, 35, 47
2, 3, 4, 20, 22, 40, 43, 9
2, 5, 10, 21, 25, 35, 49, 40
1, 4, 22, 25, 26, 36, 46, 5
5, 6, 11, 12, 24, 26, 34, 49
13, 18, 25, 41, 44, 48, 49, 1
3, 12, 14, 15, 25, 32, 49, 37
7, 19, 34, 35, 38, 42, 46, 11
1, 13, 20, 24, 39, 45, 47, 25
6, 19, 24, 25, 26, 35, 36, 23
7, 8, 14, 32, 38, 42, 44, 30
7, 12, 14, 18, 30, 45, 47, 20
5, 9, 19, 20, 21, 28, 30, 36
8, 21, 28, 32, 33, 34, 48, 38
8, 11, 12, 25, 28, 30, 33, 16
2, 7, 14, 16, 22, 27, 47, 25
2, 9, 10, 15, 29, 44, 48, 22
15, 18, 20, 28, 29, 40, 47, 38
17, 22, 28, 38, 41, 43, 45, 5
3, 7, 8, 12, 18, 24, 41, 1
4, 13, 23, 28, 32, 40, 42, 12
1, 2, 3, 17, 24, 35, 36, 30
11, 17, 18, 20, 22, 29, 45, 27
4, 15, 21, 30, 33, 35, 47, 28
4, 14, 24, 41, 43, 46, 49, 1
6, 11, 12, 14, 35, 43, 44, 42
2, 3, 8, 13, 18, 20, 23, 10
6, 8, 15, 20, 30, 32, 42, 17
12, 18, 22, 24, 28, 43, 49, 21
8, 16, 24, 27, 30, 38, 40, 18
5, 6, 7, 12, 14, 18, 25, 38
12, 13, 24, 25, 26, 41, 43, 7
1, 3, 7, 19, 31, 39, 49, 17
6, 23, 27, 30, 34, 38, 45, 21
2, 4, 18, 20, 29, 38, 41, 9
5, 8, 13, 15, 27, 28, 37, 39
5, 7, 9, 25, 31, 37, 39, 22
8, 17, 27, 28, 39, 44, 49, 24
8, 10, 15, 24, 30, 35, 49, 23
23, 29, 33, 34, 39, 44, 48, 32
3, 11, 18, 19, 23, 27, 44, 46
11, 24, 26, 31, 42, 44, 46, 22
3, 4, 9, 25, 26, 37, 39, 45
2, 13, 22, 28, 35, 41, 42, 4
7, 9, 13, 18, 27, 33, 44, 15
8, 17, 21, 23, 24, 28, 39, 31
12, 17, 22, 30, 34, 43, 49, 48
17, 26, 30, 32, 34, 39, 41, 49
16, 17, 22, 24, 40, 41, 47, 45
10, 19, 25, 29, 39, 41, 42, 21
9, 12, 17, 23, 24, 42, 47, 37
4, 23, 27, 32, 35, 43, 47, 24
2, 27, 30, 32, 35, 36, 38, 39
5, 8, 18, 22, 32, 39, 45, 19
17, 18, 19, 21, 32, 40, 49, 6
1, 3, 6, 34, 37, 42, 45, 27
3, 11, 12, 16, 34, 36, 37, 18
4, 9, 12, 15, 28, 29, 43, 17
11, 16, 29, 30, 31, 33, 42, 24
6, 7, 17, 20, 32, 44, 49, 46
8, 11, 16, 21, 24, 28, 41, 37
1, 3, 4, 5, 16, 32, 33, 41
3, 6, 10, 14, 19, 25, 33, 1
7, 17, 19, 23, 31, 36, 41, 1
14, 16, 30, 35, 36, 45, 49, 10
11, 18, 23, 24, 27, 28, 39, 1
3, 18, 27, 30, 33, 40, 45, 31
2, 7, 12, 25, 29, 32, 35, 26
5, 6, 26, 29, 34, 36, 43, 49
5, 22, 28, 31, 39, 46, 48, 4
9, 19, 25, 26, 29, 30, 44, 33
9, 10, 19, 24, 28, 30, 31, 46
10, 14, 26, 34, 43, 47, 48, 28
17, 19, 26, 29, 34, 35, 38, 47
5, 7, 11, 40, 41, 47, 48, 6
1, 5, 6, 32, 36, 38, 44, 29
19, 25, 27, 29, 30, 36, 46, 15
4, 5, 7, 8, 18, 30, 35, 39
3, 14, 26, 27, 29, 32, 34, 1
12, 17, 27, 28, 31, 36, 48, 37
4, 17, 27, 32, 34, 39, 47, 13
2, 5, 6, 43, 46, 47, 48, 39
9, 22, 25, 30, 31, 39, 42, 19
10, 12, 13, 25, 28, 29, 41, 39
3, 4, 5, 8, 13, 22, 33, 32
3, 14, 17, 25, 30, 33, 39, 7
12, 15, 19, 20, 28, 29, 39, 14
2, 6, 21, 26, 28, 33, 47, 11
7, 10, 24, 30, 35, 36, 39, 3
13, 15, 17, 18, 19, 47, 49, 38
4, 13, 25, 29, 36, 40, 48, 24
12, 21, 23, 27, 28, 29, 37, 9
1, 10, 13, 26, 43, 46, 49, 31
7, 9, 12, 20, 28, 38, 44, 10
1, 16, 28, 29, 33, 37, 47, 24
8, 23, 25, 26, 33, 41, 43, 21
2, 7, 10, 22, 32, 34, 38, 1
5, 17, 19, 25, 31, 38, 46, 4
8, 27, 28, 29, 31, 32, 35, 11
5, 15, 25, 38, 42, 46, 47, 26
4, 10, 18, 20, 31, 35, 44, 29
4, 7, 10, 12, 23, 25, 36, 18
6, 9, 10, 14, 17, 18, 19, 46
2, 7, 8, 11, 16, 17, 18, 12
8, 18, 27, 28, 38, 41, 48, 36
2, 8, 28, 30, 36, 39, 42, 24
11, 15, 24, 26, 37, 38, 43, 17
1, 6, 13, 19, 32, 35, 40, 7
1, 4, 5, 7, 22, 29, 48, 13
8, 10, 15, 17, 33, 34, 35, 13
8, 9, 12, 13, 29, 30, 31, 47
